
    1      0      0      0      0      0      0      1      1 
    2      0      0      1      0      0      0      1      2 
    3      0      0      1      2      0      0      0      3 
    4      0      0      0      0      0      0      3      3 
    5      0      0      1      1      0      1      0      3 
    6      0      0      2      1      0      0      0      3 
    7      0      2      2      0      3      2      2      11 
    8      0      1      3      1      2      2      3      12 
    9      0      2      3      3      3      0      3      14 
    10     1      0      0      1      0      1      1      3 
    11     1      1      0      0      0      1      1      3 
    12     1      0      0      1      0      0      2      3 
    13     1      0      1      1      0      1      1      4 
    14     1      0      2      2      0      0      0      4 
    15     1      0      1      1      0      1      1      4 
    16     1      1      2      1      0      0      0      4 
    17     1      2      2      3      3      1      2      13 
    18     1      2      0      2      3      3      3      13 
    19     1      2      3      3      2      2      2      14 
    20     1      2      2      2      2      3      3      14 
    21     1      2      2      3      2      2      3      14 
    22     1      3      3      2      3      1      3      15 
    23     1      2      3      3      3      1      3      15 
    24     1      3      3      3      2      2      3      16 
    25     1      3      2      3      2      3      3      16 
    26     1      3      3      2      3      3      3      17 